-2.000000 0 1
-1.937500 0 1
-1.875000 0 1
-1.812500 0 1
-1.750000 0 1
-1.687500 0 1
-1.625000 0 1
-1.562500 0 1
-1.500000 0 1
-1.437500 0 1
-1.375000 0 1
-1.312500 0 1
-1.250000 0 1
-1.187500 0 1
-1.125000 0 1
-1.062500 0 1
-1.000000 0 1
-0.937500 0 1
-0.875000 0 1
-0.812500 0 3
-0.750000 0 3
-0.687500 0 3
-0.625000 0 0
-0.562500 0 0
-0.500000 0 0
-0.437500 0 0
-0.375000 0 0
-0.312500 0 0
-0.250000 0 0
-0.187500 0 0
-0.125000 0 0
-0.062500 0 0
0.000000 0 0
0.062500 0 0
0.125000 0 0
0.187500 0 0
0.250000 0 0
0.312500 0 0
0.375000 0 0
0.437500 0 0
0.500000 0 0
0.562500 0 0
0.625000 0 0
0.687500 0 1
0.750000 0 1
0.812500 0 1
0.875000 0 3
0.937500 0 3
1.000000 0 3
1.062500 0 3
1.125000 0 3
1.187500 0 3
1.250000 0 3
1.312500 0 3
1.375000 0 3
1.437500 0 3
1.500000 0 3
1.562500 0 3
1.625000 0 3
1.687500 0 3
1.750000 0 3
1.812500 0 3
1.875000 0 3
1.937500 0 3
2.000000 0 3
