100
0.131621 0.221860
0.011536 -0.640706
0.633373 -0.633057
0.169306 -0.155688
-0.949332 -0.367481
-0.877448 -0.832682
0.953582 0.956117
0.747778 -0.893846
-0.462023 -0.815324
0.761926 0.125146
0.327028 0.962882
0.923821 -0.721106
-0.553116 -0.571166
-0.976028 0.736781
-0.336426 0.072224
0.113194 0.795196
-0.705916 -0.875270
-0.845511 0.927456
-0.508327 0.323795
-0.228231 -0.457659
0.956314 -0.105679
-0.290340 0.909896
-0.149562 -0.542562
-0.983950 0.388414
-0.357886 0.777976
-0.486439 0.969142
0.740858 -0.562618
-0.751964 -0.812257
-0.133784 -0.727992
0.924524 0.529790
0.344232 0.037717
0.324986 0.638315
0.162447 0.479475
0.565772 0.654120
-0.196730 -0.662460
-0.803538 -0.240415
0.231861 -0.093879
-0.330519 -0.917701
0.363559 -0.314469
0.470713 -0.994327
-0.536493 0.984274
0.974814 -0.795635
-0.578344 -0.777150
-0.607892 0.287872
-0.505142 -0.683368
-0.182339 0.839090
0.354349 -0.857353
0.477405 -0.483204
0.622122 0.043177
-0.829083 -0.574608
0.380717 -0.632622
0.184977 -0.387421
0.273500 0.854458
-0.305123 -0.362942
-0.460012 -0.834409
-0.357269 0.003496
-0.850135 -0.382455
0.207861 -0.428480
-0.159604 0.599969
0.859392 0.335254
0.916600 -0.322947
0.174343 0.270950
-0.180300 -0.348252
0.787746 -0.558178
0.694925 0.958662
-0.132785 0.075642
-0.673959 -0.947809
0.688221 0.599540
0.906649 -0.616902
-0.763402 -0.553363
-0.451311 -0.120671
0.450133 -0.301447
0.496875 -0.342006
0.270074 -0.662729
-0.742038 0.129466
0.672524 -0.825437
0.806519 -0.153132
0.445512 -0.373781
0.498616 0.233258
0.068042 0.193541
0.191921 0.935256
-0.730817 0.517961
0.987448 0.957404
0.117501 0.894096
-0.659498 0.354100
-0.659266 -0.110810
-0.766571 0.790866
0.587744 0.730304
-0.551140 -0.142182
-0.932425 -0.293178
0.987283 0.740099
-0.118615 0.793802
-0.413033 -0.673102
-0.579978 -0.914417
0.560156 0.488064
0.279123 -0.247924
0.423320 0.548306
-0.729963 0.410767
0.505710 0.387539
0.304864 0.846211
39
51
57
50
75
7
47
2
3
95
38
77
41
11
26
63
72
68
71
36
60
76
20
48
30
9
59
78
29
90
98
67
94
82
6
33
87
96
64
61
0
31
99
79
10
32
52
80
15
83
91
45
58
21
24
25
40
17
86
13
81
18
65
97
84
43
23
14
74
55
85
88
70
35
89
4
56
49
69
5
12
27
53
16
42
44
66
93
92
8
54
62
19
37
34
22
28
1
73
46
