1000
0.131621 0.221860 0.860038
0.011536 -0.640706 -0.999838
0.633373 -0.633057 -0.706930
0.169306 -0.155688 -0.676883
-0.949332 -0.367481 2.360992
-0.877448 -0.832682 2.688361
0.953582 0.956117 0.708045
0.747778 -0.893846 -0.766994
-0.462023 -0.815324 2.870019
0.761926 0.125146 0.162078
0.327028 0.962882 0.946878
0.923821 -0.721106 -0.615311
-0.553116 -0.571166 2.718367
-0.976028 0.736781 1.397512
-0.336426 0.072224 1.790102
0.113194 0.795196 0.990020
-0.705916 -0.875270 2.778390
-0.845511 0.927456 1.261000
-0.508327 0.323795 1.462753
-0.228231 -0.457659 2.894894
0.956314 -0.105679 -0.109838
-0.290340 0.909896 1.047325
-0.149562 -0.542562 2.964043
-0.983950 0.388414 1.632823
-0.357886 0.777976 1.091517
-0.486439 0.969142 1.106263
0.740858 -0.562618 -0.604788
-0.751964 -0.812257 2.733817
-0.133784 -0.727992 2.983530
0.924524 0.529790 0.497193
0.344232 0.037717 0.108918
0.324986 0.638315 0.891149
0.162447 0.479475 0.947118
0.565772 0.654120 0.756337
-0.196730 -0.662460 2.958622
-0.803538 -0.240415 2.286641
0.231861 -0.093879 -0.375296
-0.330519 -0.917701 2.940839
0.363559 -0.314469 -0.654200
0.470713 -0.994327 -0.903838
-0.536493 0.984274 1.121961
0.974814 -0.795635 -0.632313
-0.578344 -0.777150 2.802233
-0.607892 0.287872 1.572008
-0.505142 -0.683368 2.804152
-0.182339 0.839090 1.022806
0.354349 -0.857353 -0.924176
0.477405 -0.483204 -0.711362
0.622122 0.043177 0.069236
-0.829083 -0.574608 2.569630
0.380717 -0.632622 -0.856808
0.184977 -0.387421 -0.902417
0.273500 0.854458 0.952400
-0.305123 -0.362942 2.765444
-0.460012 -0.834409 2.875734
-0.357269 0.003496 1.990216
-0.850135 -0.382455 2.410270
0.207861 -0.428480 -0.899721
-0.159604 0.599969 1.033610
0.859392 0.335254 0.363431
0.916600 -0.322947 -0.332308
0.174343 0.270950 0.840951
-0.180300 -0.348252 2.888041
0.787746 -0.558178 -0.578149
0.694925 0.958662 0.809653
-0.132785 0.075642 1.505022
-0.673959 -0.947809 2.814971
0.688221 0.599540 0.656857
0.906649 -0.616902 -0.562547
-0.763402 -0.553363 2.586896
-0.451311 -0.120671 2.258304
0.450133 -0.301447 -0.556434
0.496875 -0.342006 -0.566985
0.270074 -0.662729 -0.926057
-0.742038 0.129466 1.828123
0.672524 -0.825437 -0.775260
0.806519 -0.153132 -0.186536
0.445512 -0.373781 -0.642739
0.498616 0.233258 0.423737
0.068042 0.193541 0.943398
0.191921 0.935256 0.979588
-0.730817 0.517961 1.421760
0.987448 0.957404 0.696100
0.117501 0.894096 0.991475
-0.659498 0.354100 1.526951
-0.659266 -0.110810 2.165755
-0.766571 0.790866 1.281950
0.587744 0.730304 0.779044
-0.551140 -0.142182 2.249800
-0.932425 -0.293178 2.299947
0.987283 0.740099 0.599812
-0.118615 0.793802 1.010981
-0.413033 -0.673102 2.852327
-0.579978 -0.914417 2.844465
0.560156 0.488064 0.656923
0.279123 -0.247924 -0.664086
0.423320 0.548306 0.791544
-0.729963 0.410767 1.509591
0.505710 0.387539 0.608261
0.304864 0.846211 0.940807
-0.258361 0.645597 1.071584
-0.264598 -0.024932 2.093811
0.436464 -0.676854 -0.840419
-0.294628 0.885324 1.051162
0.180964 -0.227053 -0.782008
-0.407854 0.168247 1.618655
-0.486954 0.473532 1.302843
-0.037951 0.100013 1.065047
0.800429 0.382071 0.430774
0.185596 0.360585 0.889135
-0.129865 -0.535281 2.971808
-0.887339 -0.706545 2.622906
-0.986975 -0.617301 2.530272
0.704222 0.518735 0.593076
0.770237 0.009086 0.011796
0.364947 -0.488124 -0.800902
-0.345316 -0.899651 2.933590
0.486944 -0.908853 -0.881456
-0.576505 -0.807684 2.813930
0.976471 0.604458 0.526339
-0.034737 -0.431382 2.996774
-0.227295 0.478309 1.096794
-0.957850 0.734755 1.391358
-0.421678 0.842579 1.105738
0.116826 0.763918 0.988507
0.203164 0.986961 0.979464
-0.771362 0.315825 1.621092
-0.719584 -0.758337 2.725399
0.698523 0.984638 0.815606
0.760398 0.468761 0.524766
-0.006276 0.125345 1.001251
0.980636 0.648407 0.551546
0.225693 0.467580 0.900578
0.739555 0.649188 0.659699
0.659896 0.716026 0.735341
0.253646 -0.374841 -0.828205
-0.715356 -0.973649 2.805873
-0.896532 -0.673206 2.600461
0.761106 -0.318210 -0.385733
-0.830627 -0.122068 2.145398
-0.554291 0.372537 1.442185
-0.135108 -0.325654 2.923661
-0.311639 0.145308 1.577409
-0.083991 -0.613115 2.990747
0.129946 -0.323593 -0.927973
0.855645 -0.876330 -0.715501
0.801752 0.836282 0.721852
0.772077 0.027445 0.035524
0.303862 0.511632 0.859795
-0.323367 -0.036242 2.111380
0.227658 0.930279 0.971337
0.588917 0.512303 0.656326
0.956630 0.692384 0.586317
0.839097 0.717735 0.650013
-0.625825 -0.991531 2.845645
-0.404333 -0.180117 2.406918
0.381006 0.460559 0.770515
0.494229 -0.930633 -0.883182
-0.394133 -0.589762 2.831426
-0.543748 0.735813 1.195764
0.086645 -0.688102 -0.992165
0.859483 -0.111603 -0.128768
-0.851821 0.631560 1.404418
0.915842 0.452041 0.442602
0.143192 -0.407526 -0.943455
-0.584201 -0.629150 2.732799
-0.477247 -0.995284 2.901696
0.883153 -0.520618 -0.507829
0.697100 0.722250 0.719523
-0.802882 -0.928725 2.756500
0.730719 -0.207215 -0.272820
-0.108842 0.111725 1.283712
-0.746656 -0.614613 2.635535
0.181092 -0.140788 -0.613774
-0.204375 0.637344 1.047760
-0.404975 0.882270 1.091170
0.949242 -0.545492 -0.498250
-0.229333 -0.902579 2.969203
-0.913933 -0.313491 2.324457
0.549463 0.229259 0.385068
0.278983 0.965262 0.960680
0.600109 0.801735 0.800571
0.969978 0.483262 0.445938
-0.718882 0.667078 1.319798
0.205512 -0.521764 -0.930428
0.738353 -0.063769 -0.086047
0.271020 -0.370488 -0.807102
-0.952045 0.524365 1.517558
0.014899 0.229048 0.997891
-0.616424 0.810524 1.204039
-0.133608 -0.021399 2.158144
0.692795 -0.184366 -0.257169
0.433109 -0.536538 -0.778118
-0.086945 0.519176 1.013734
0.149970 -0.537483 -0.963208
-0.251564 -0.571047 2.915136
-0.572221 -0.651455 2.751319
-0.769312 -0.602243 2.616418
0.831807 -0.488194 -0.506169
-0.935164 0.037319 1.960126
-0.009958 0.803189 1.000077
0.973549 -0.738938 -0.604585
-0.567299 -0.978495 2.865119
0.785427 0.447600 0.495125
0.250553 -0.830997 -0.957428
0.258124 -0.883055 -0.959834
0.147605 -0.049081 -0.315532
-0.067422 -0.419286 2.987317
0.414380 0.845633 0.897982
-0.900110 -0.435649 2.435652
-0.691849 -0.151674 2.214144
-0.006696 -0.264070 2.999679
0.196871 0.223992 0.751116
0.133688 0.028678 0.209744
0.735798 0.198523 0.260492
-0.934003 -0.274160 2.281649
0.001712 -0.960454 -0.999998
-0.013098 0.434413 1.000454
-0.938949 -0.227671 2.235646
-0.117988 0.311604 1.064797
-0.058668 -0.859864 2.997681
0.428549 -0.911063 -0.904890
0.091055 -0.638873 -0.989996
-0.330349 -0.494565 2.831554
-0.793240 -0.230459 2.278993
0.069786 -0.485089 -0.989810
0.617867 -0.936910 -0.834812
0.250841 -0.185262 -0.594096
0.287082 -0.615471 -0.906261
0.843416 0.022880 0.027118
0.583052 0.909413 0.841839
0.748720 -0.415236 -0.485001
0.948959 -0.264378 -0.268377
-0.980823 -0.989989 2.710388
0.507951 -0.098811 -0.190949
0.321615 -0.550717 -0.863531
0.041326 -0.249837 -0.986594
-0.461779 -0.867620 2.882754
0.111290 0.207872 0.881603
-0.362184 0.318050 1.340158
0.977413 0.707601 0.586412
0.832961 0.595280 0.581437
0.770691 0.083802 0.108099
-0.589982 0.057773 1.902544
0.468331 -0.746566 -0.847117
-0.919348 0.051382 1.944197
-0.837153 0.829372 1.296202
0.636146 -0.888194 -0.812987
-0.435006 0.655323 1.166850
-0.878183 -0.927055 2.725984
-0.443487 0.443431 1.292938
-0.477771 0.597838 1.218813
-0.806405 0.060449 1.925248
0.730219 0.304885 0.385290
-0.731679 -0.631966 2.653656
-0.377065 -0.754266 2.894459
-0.924364 -0.544104 2.507270
0.841014 0.846327 0.709330
0.539698 -0.748968 -0.811308
-0.095901 0.008029 1.916571
-0.495535 -0.015248 2.030757
-0.940589 -0.332688 2.333458
-0.185876 0.695558 1.033902
-0.220882 0.379118 1.135953
0.350881 -0.099065 -0.271711
0.452063 0.907393 0.895071
-0.655634 0.974291 1.170357
0.505232 -0.462039 -0.674859
0.034741 0.235450 0.989289
0.842845 0.303062 0.338361
0.603484 -0.534220 -0.662830
0.548795 0.679120 0.777787
-0.078324 0.389809 1.019595
0.525447 -0.538625 -0.715809
0.640841 -0.570454 -0.664896
0.469404 -0.854694 -0.876509
0.414297 0.528815 0.787185
-0.187382 -0.771579 2.971754
0.224372 0.591737 0.935039
0.607539 -0.424747 -0.572982
-0.507329 0.059602 1.883321
-0.517353 -0.162962 2.300440
0.033893 0.987878 0.999412
0.374998 -0.931366 -0.927632
0.223328 0.217844 0.698262
0.371696 -0.173187 -0.422343
0.683624 -0.079509 -0.115526
-0.494067 -0.394700 2.624161
-0.689700 -0.968620 2.814597
0.066675 0.951141 0.997552
-0.539075 -0.463921 2.652296
-0.903553 0.875223 1.304243
-0.935106 -0.090934 2.096788
-0.896356 0.289266 1.692883
-0.499198 0.711183 1.181509
0.864519 -0.006526 -0.007549
-0.229215 -0.652834 2.943532
0.830511 0.804678 0.695849
-0.664956 0.205510 1.704723
0.873312 0.558373 0.538679
-0.576647 0.245008 1.608950
-0.614815 -0.893023 2.823671
-0.834501 -0.108882 2.129379
-0.287723 -0.524201 2.876631
-0.077502 0.778952 1.004913
-0.573060 0.383423 1.443912
-0.684969 -0.476613 2.571155
0.258646 -0.620075 -0.922928
0.432453 0.362290 0.642183
0.669191 0.933255 0.812670
0.073473 0.533710 0.990657
-0.073271 0.844258 1.003745
0.880876 -0.242760 -0.265684
0.648936 -0.784080 -0.770374
0.962750 0.522248 0.476818
0.774293 -0.613897 -0.621272
-0.232744 -0.840522 2.963735
-0.506920 -0.067245 2.131503
0.050596 0.205357 0.970963
0.408554 0.973094 0.922031
-0.015691 0.835494 1.000176
0.356517 0.299340 0.643023
-0.641118 -0.384837 2.514659
0.679265 0.791335 0.758793
0.977453 0.348455 0.335794
0.724590 0.050926 0.070109
-0.117835 -0.348681 2.947365
-0.104816 -0.236959 2.914524
0.408560 -0.455880 -0.744700
-0.021039 0.371310 1.001601
-0.933632 -0.246746 2.255513
0.757413 -0.166377 -0.214549
-0.087268 -0.749507 2.993290
0.766378 0.963328 0.782564
0.455850 0.174932 0.358274
0.936422 -0.559841 -0.513139
0.010426 0.292939 0.999367
0.739500 0.369308 0.446786
0.908103 0.418765 0.418762
0.160642 0.885556 0.983942
-0.232780 -0.114767 2.442205
-0.063518 0.649386 1.004750
0.536552 0.831665 0.840300
-0.587573 -0.054888 2.093010
-0.624215 0.391388 1.468778
-0.683578 -0.557848 2.632257
-0.855358 -0.926166 2.734631
0.275776 0.057374 0.203684
-0.675673 0.042154 1.937733
0.020702 0.780177 0.999648
-0.782914 -0.042875 2.054682
-0.779663 0.227512 1.719875
-0.749936 0.959837 1.212001
-0.403180 -0.841833 2.901899
0.378601 0.757462 0.894488
-0.956278 -0.854178 2.666172
-0.357305 -0.019796 2.055320
0.795207 -0.820753 -0.718195
-0.188131 -0.792366 2.972952
0.124358 0.187654 0.833573
0.599022 0.440780 0.592672
0.629806 0.743664 0.763107
0.514614 -0.094418 -0.180462
-0.198962 0.838942 1.026989
0.947736 0.821740 0.655099
0.619119 -0.835178 -0.803342
-0.221136 0.839456 1.032990
0.392334 0.028929 0.073535
0.799292 0.989153 0.777802
0.187095 0.177894 0.689061
0.746615 0.230817 0.295359
0.323715 -0.610690 -0.883543
-0.788979 0.118922 1.850954
-0.431443 0.022890 1.947020
0.326556 0.692915 0.904578
-0.789456 -0.074422 2.093854
0.133695 0.840350 0.987580
-0.330758 -0.351691 2.728453
-0.254068 0.470279 1.120187
-0.512749 -0.306333 2.512874
0.292019 -0.893630 -0.950536
-0.141511 -0.929117 2.988599
0.945826 -0.749178 -0.620906
0.099812 0.745118 0.991147
-0.760025 -0.713093 2.684232
-0.076988 0.986591 1.003031
0.517725 -0.753273 -0.824119
-0.624099 0.728746 1.240465
0.365649 -0.055542 -0.150177
-0.248364 -0.307794 2.778236
-0.362627 -0.037821 2.103734
0.617783 0.771068 0.780410
-0.197471 -0.712975 2.963719
-0.580623 0.548461 1.313314
0.757304 -0.093372 -0.122368
-0.757872 0.049323 1.935056
0.012998 0.100616 0.991759
0.120207 -0.041176 -0.324060
0.351439 -0.779981 -0.911726
-0.296058 0.591414 1.105785
-0.493074 0.626953 1.213967
0.578005 -0.975349 -0.860284
0.873680 0.953906 0.737437
0.753396 0.239329 0.302758
-0.101636 -0.494968 2.979562
0.931535 0.535737 0.498544
0.467211 0.549318 0.761741
0.306805 -0.730260 -0.921939
0.836344 0.726182 0.655627
0.818201 0.593648 0.587261
-0.367190 -0.939671 2.931413
-0.357029 0.645808 1.124836
0.160945 0.763178 0.978478
-0.395368 -0.487616 2.776753
0.983197 0.308574 0.299446
-0.896203 -0.509877 2.494501
-0.064473 0.681802 1.004441
-0.485227 -0.190793 2.365931
0.635708 -0.731831 -0.754946
-0.951463 -0.465928 2.439795
-0.226799 0.980072 1.025746
-0.930192 -0.759588 2.632500
0.529390 0.376613 0.579685
-0.489847 0.365734 1.401731
0.102795 -0.671647 -0.988490
-0.040619 0.735605 1.001521
-0.611318 0.602353 1.298136
0.381414 0.549627 0.821560
0.365530 0.986046 0.937647
-0.937989 0.348727 1.651523
0.294620 -0.834192 -0.942920
0.838850 -0.769853 -0.676157
0.847610 -0.646377 -0.606386
0.039354 0.483318 0.996701
-0.378207 0.087891 1.773643
-0.982610 0.394994 1.627022
0.067963 -0.912801 -0.997240
0.635406 -0.402647 -0.535264
0.463812 -0.854441 -0.878865
0.963086 -0.433393 -0.410368
-0.526088 -0.077532 2.145800
-0.697788 -0.137406 2.193206
-0.475180 0.683625 1.178878
-0.587779 0.890351 1.165454
0.669671 -0.525768 -0.617530
0.239078 -0.035709 -0.147724
-0.359960 0.077928 1.788411
0.194438 -0.512350 -0.934938
0.431551 -0.766208 -0.871304
0.970969 -0.946656 -0.698086
0.321683 0.988359 0.950902
0.448338 -0.610354 -0.805936
-0.924442 0.083744 1.909780
-0.013002 0.539369 1.000290
0.229303 -0.049915 -0.212701
-0.894024 0.703216 1.381761
0.872552 -0.591812 -0.561322
-0.434190 -0.602627 2.811344
-0.908187 -0.021969 2.024183
-0.712277 0.761483 1.269691
0.452263 0.526801 0.758744
-0.274226 -0.907697 2.957268
-0.395271 0.920212 1.081179
-0.420047 -0.963720 2.916709
-0.845997 -0.449078 2.468864
-0.910376 0.475686 1.536893
-0.460719 0.537962 1.240470
0.865332 -0.385161 -0.406640
-0.378293 -0.147670 2.363635
-0.845792 0.851010 1.290722
0.802415 -0.739816 -0.677847
0.554225 0.674967 0.772845
-0.331628 -0.879965 2.935754
-0.927660 -0.239816 2.250288
0.098066 -0.639937 -0.988461
-0.478332 -0.449671 2.684941
0.886864 0.247442 0.268744
-0.357367 -0.508407 2.818109
0.167654 0.222586 0.798768
-0.472126 0.321657 1.436959
0.773508 -0.382502 -0.443267
-0.202657 -0.687211 2.959163
-0.844540 -0.337325 2.370925
-0.072372 -0.222833 2.951095
0.515005 0.081836 0.156935
-0.371824 0.317420 1.350726
0.342021 -0.817598 -0.922533
-0.007613 -0.989607 2.999970
-0.697563 0.064727 1.907606
-0.229423 0.400503 1.132284
0.424791 0.292245 0.566794
0.950832 0.311655 0.311466
-0.460313 -0.406535 2.661966
0.803248 0.707341 0.660882
0.816051 -0.668878 -0.633919
0.028998 0.589559 0.998793
-0.051380 0.826341 1.001927
0.902348 0.104080 0.114584
-0.510984 -0.170024 2.315720
0.881246 -0.995979 -0.748926
0.911813 -0.490577 -0.473801
0.321442 0.253833 0.619740
-0.308176 -0.686171 2.912220
0.264226 -0.005739 -0.021716
0.378556 -0.965197 -0.930958
-0.605236 -0.196653 2.309017
0.327048 -0.654404 -0.894511
-0.884998 0.866735 1.300303
-0.060939 0.918250 1.002195
0.574076 -0.244888 -0.392370
-0.750628 -0.396926 2.467459
-0.655330 0.197991 1.710787
-0.570585 -0.752982 2.797019
-0.697929 -0.081569 2.116082
0.076994 -0.816683 -0.995585
-0.077547 -0.011193 2.142858
-0.307260 -0.756106 2.926427
-0.757360 0.384564 1.547253
-0.442277 0.506866 1.246517
-0.621175 0.936280 1.166715
0.541669 -0.226412 -0.385654
-0.260374 -0.131282 2.450217
0.119184 -0.145372 -0.773321
-0.264547 -0.941755 2.962737
-0.227122 -0.690471 2.949928
-0.186643 0.022250 1.881628
-0.087397 0.158028 1.124912
-0.779759 0.342018 1.598320
0.405046 -0.477688 -0.762718
-0.739550 -0.517960 2.573666
-0.294371 0.182902 1.472243
0.470847 0.398369 0.645904
0.426797 0.713487 0.858180
-0.217067 0.984520 1.023454
0.220354 0.161758 0.591756
0.920799 -0.237977 -0.250224
0.935346 -0.339574 -0.341253
0.630741 0.054530 0.086133
0.515054 -0.633806 -0.776062
0.112776 -0.712068 -0.987689
-0.324277 0.926133 1.056183
0.310182 0.588326 0.884586
0.084160 0.530423 0.987645
-0.069655 -0.510794 2.990830
-0.947265 0.190794 1.802549
-0.028754 -0.241636 2.992994
-0.626303 -0.557906 2.665158
-0.843268 0.800493 1.311527
-0.844419 -0.060335 2.071269
0.785013 0.375935 0.431917
-0.898577 0.705813 1.382293
-0.862042 -0.963231 2.745163
-0.633762 0.768698 1.228422
0.091299 0.881292 0.994677
-0.865108 -0.795925 2.677069
-0.830775 -0.189385 2.222260
-0.869793 0.479406 1.517293
-0.601059 0.214367 1.664075
0.009829 0.329286 0.999555
0.703574 0.062564 0.088573
-0.479919 -0.325180 2.560935
0.820927 -0.106223 -0.128324
0.116914 0.977660 0.992925
-0.305729 0.272495 1.334634
-0.082675 -0.520716 2.987629
-0.351570 0.018748 1.946750
-0.814904 -0.213613 2.253565
0.055517 -0.448665 -0.992431
-0.444914 -0.853184 2.886681
-0.567373 -0.310022 2.479503
-0.649110 -0.398148 2.522855
0.500593 -0.518902 -0.719690
-0.918742 0.899535 1.300402
0.695465 0.091087 0.129864
0.228821 0.399038 0.867494
-0.846349 0.748901 1.337323
-0.926142 0.974578 1.275109
-0.357321 0.190772 1.529026
0.952238 0.336950 0.333582
-0.536733 -0.130437 2.236147
0.816233 0.111696 0.135580
0.888311 -0.998670 -0.747185
0.898084 -0.056172 -0.062425
-0.447335 -0.546831 2.774007
0.090643 -0.014708 -0.160168
0.143147 0.441533 0.951256
0.587144 -0.356259 -0.518743
0.922631 0.668402 0.586677
-0.456725 0.618096 1.195744
-0.240510 0.772096 1.045249
0.017134 -0.086859 -0.981093
0.520997 0.090993 0.172047
-0.112281 -0.836324 2.991108
-0.718235 -0.160043 2.217494
0.500625 -0.254969 -0.453831
0.709520 0.316859 0.407768
0.856728 0.597831 0.572255
0.318189 0.754811 0.921472
-0.458341 0.870853 1.115081
-0.792019 0.632302 1.376096
-0.143855 0.351128 1.074648
0.073835 -0.556711 -0.991319
0.994869 -0.003534 -0.003552
-0.888308 -0.461856 2.461302
-0.385438 -0.128819 2.316979
-0.689760 0.631696 1.324615
0.784322 0.831237 0.727334
-0.277311 -0.327959 2.763607
0.994913 0.004454 0.004477
0.511999 0.495538 0.695462
0.749485 0.221519 0.283440
-0.187603 0.606213 1.044699
-0.180650 -0.869414 2.979088
0.361024 0.361008 0.707091
-0.998561 0.569005 1.504912
-0.006690 -0.142415 2.998899
-0.079867 -0.932855 2.996355
0.300874 -0.084998 -0.271864
0.063612 0.412566 0.988321
0.453146 0.678174 0.831467
-0.716252 0.763385 1.270739
0.309870 -0.931930 -0.948919
0.594622 -0.967441 -0.851944
-0.259889 0.589535 1.084967
0.037013 -0.747890 -0.998778
0.085074 -0.213502 -0.928967
0.473629 0.897471 0.884400
-0.607289 -0.707022 2.758583
-0.971943 0.753735 1.387185
0.653987 -0.970504 -0.829286
0.322740 -0.352703 -0.737749
-0.112919 -0.757127 2.989061
-0.285558 -0.812045 2.943371
0.157875 0.778054 0.980028
0.600522 -0.388980 -0.543652
0.456228 0.884269 0.888690
-0.625594 -0.233903 2.350211
0.952339 0.969028 0.713222
-0.201344 -0.307550 2.836654
0.558563 0.835669 0.831384
-0.055440 -0.356363 2.988114
-0.377832 -0.581811 2.838671
-0.458892 0.014879 1.967594
-0.288833 -0.430836 2.830616
-0.231386 -0.634846 2.939540
-0.401340 -0.908646 2.914744
0.012451 0.485741 0.999672
-0.665773 0.726894 1.262570
0.673697 0.492102 0.589849
0.504948 0.274218 0.477232
-0.896878 -0.038825 2.043248
0.158487 -0.522472 -0.956942
0.727272 0.110826 0.150647
-0.553444 -0.474071 2.650547
0.803277 -0.994881 -0.778048
-0.638402 -0.252163 2.367371
-0.351244 -0.016234 2.046170
0.166026 0.189864 0.752783
0.998645 0.877193 0.659943
0.759028 -0.232741 -0.293159
-0.757653 -0.642312 2.646658
-0.141387 0.254798 1.125599
0.843430 0.192840 0.222886
-0.018309 0.517126 1.000626
-0.315058 -0.513361 2.852292
-0.208655 -0.211936 2.712601
0.447814 0.949832 0.904513
0.265592 0.175086 0.550394
0.060659 0.712148 0.996392
0.701015 -0.136064 -0.190540
0.717268 -0.937387 -0.794177
0.611773 -0.633976 -0.719596
0.046379 -0.222202 -0.978904
0.555888 0.045024 0.080730
-0.345009 0.314916 1.325839
0.812283 -0.102663 -0.125390
0.672604 -0.329105 -0.439508
-0.847865 0.516034 1.480096
0.863735 0.133826 0.153112
0.033160 -0.451323 -0.997312
0.620465 0.824505 0.799028
0.336741 0.068279 0.198720
0.774337 -0.397666 -0.456835
-0.756635 -0.165004 2.213068
-0.685518 0.944380 1.190733
0.698932 -0.968250 -0.810822
-0.993006 0.310704 1.701384
-0.602226 0.053373 1.911720
-0.911498 0.953661 1.277093
-0.901603 -0.256507 2.273642
0.268577 0.910679 0.959157
0.640831 -0.058819 -0.091401
-0.418425 0.792966 1.115576
-0.542785 -0.554690 2.714735
-0.073208 0.490375 1.010961
-0.006013 -0.452743 2.999912
0.314880 -0.669271 -0.904856
0.615536 0.089217 0.143444
-0.066938 0.858901 1.003023
0.924214 0.247544 0.258723
0.803281 0.623145 0.612942
0.279294 0.810275 0.945413
-0.066151 0.677068 1.004739
-0.136352 0.022352 1.838234
0.630729 -0.037955 -0.060068
0.765845 -0.100694 -0.130359
-0.127276 0.406675 1.045647
0.840488 0.454299 0.475502
0.199641 -0.702297 -0.961891
0.899609 -0.873567 -0.696647
0.788078 -0.106404 -0.133803
-0.326310 0.102958 1.699100
0.224325 -0.710774 -0.953633
-0.807824 -0.842613 2.721851
-0.851873 -0.883611 2.719918
0.404932 0.951408 0.920128
0.739534 -0.315774 -0.392691
0.761683 -0.326616 -0.394104
-0.638707 -0.374670 2.505976
0.695735 0.992022 0.818720
0.587375 0.461580 0.617880
-0.108671 -0.539901 2.980339
-0.131745 -0.268184 2.897546
0.914397 -0.932104 -0.713855
0.029519 0.814006 0.999343
-0.805672 -0.182403 2.220810
-0.292397 -0.131982 2.411409
0.920555 0.931928 0.711434
0.157244 -0.887269 -0.984657
-0.910685 0.305371 1.682078
-0.770880 0.494247 1.460262
0.256779 0.968654 0.966614
-0.821528 0.018461 1.977534
-0.357962 -0.460234 2.789350
0.643792 -0.662227 -0.717017
-0.468212 0.231167 1.557296
0.799352 0.423117 0.467827
0.691265 -0.332393 -0.433351
-0.845067 0.605663 1.417461
-0.264497 0.184452 1.427987
0.419669 -0.070169 -0.164912
-0.997951 -0.872728 2.658300
0.797849 0.922604 0.756395
-0.940801 -0.044907 2.047678
-0.964665 -0.851486 2.661757
-0.739536 -0.735545 2.705191
0.642761 0.517242 0.626934
-0.766891 0.821233 1.269125
-0.464297 -0.124853 2.259682
-0.639001 -0.820505 2.788965
0.212920 -0.107213 -0.449739
0.410662 0.012272 0.029871
-0.684096 0.101927 1.852632
0.679880 -0.529163 -0.614207
-0.292410 -0.584618 2.894365
0.655289 -0.872741 -0.799678
0.345213 0.657338 0.885337
-0.745469 0.143062 1.811530
0.579942 -0.686270 -0.763797
-0.901845 0.615277 1.436424
-0.537756 -0.641381 2.766296
0.879733 -0.894994 -0.713161
0.875861 -0.887158 -0.711623
0.926239 -0.588436 -0.536234
-0.012011 -0.712762 2.999858
-0.408941 -0.799091 2.890201
0.180025 -0.998279 -0.984126
0.213182 0.495929 0.918715
0.103648 -0.106939 -0.718069
0.966765 0.811238 0.642799
0.308443 0.622054 0.895911
0.938497 -0.346344 -0.346217
0.279392 -0.806973 -0.944966
0.796718 -0.140666 -0.173868
-0.493243 0.894874 1.124223
-0.525389 -0.030998 2.058898
-0.746508 -0.645656 2.654168
0.074007 -0.870647 -0.996407
-0.532814 0.000247 1.999537
-0.459082 0.455175 1.295922
0.287485 0.131977 0.417212
0.656084 -0.532490 -0.630180
0.133698 -0.130734 -0.699136
0.963439 -0.762654 -0.620669
0.762328 0.930204 0.773447
-0.951416 0.070771 1.925820
0.552258 0.987080 0.872697
0.724427 -0.168351 -0.226359
-0.819892 0.521146 1.463567
0.690983 -0.313135 -0.412767
0.416019 -0.834406 -0.894934
0.655867 0.669512 0.714348
-0.480062 -0.270125 2.490386
0.798865 -0.012876 -0.016116
0.730121 -0.660217 -0.670707
-0.557701 0.017606 1.968447
0.471760 -0.901617 -0.886040
0.485116 -0.394542 -0.630964
-0.032350 0.448554 1.002591
-0.157196 -0.270023 2.864221
0.378758 -0.108612 -0.275649
0.800748 -0.068984 -0.085832
-0.121532 0.525175 1.025746
0.762665 0.058576 0.076579
0.046321 0.453648 0.994827
0.745441 -0.537660 -0.584980
0.619242 0.401308 0.543845
-0.868148 -0.860820 2.704103
-0.868817 0.930717 1.269003
0.126304 0.861304 0.989418
-0.729500 0.568603 1.385242
-0.121090 0.742259 1.013047
0.666986 -0.635974 -0.690081
-0.652282 -0.365364 2.488691
0.812580 0.190522 0.228274
0.364613 0.191338 0.464674
-0.918090 0.165361 1.822738
-0.877646 -0.039622 2.045100
-0.309464 0.885019 1.056044
-0.981046 0.736857 1.399441
0.338667 0.764395 0.914283
-0.800803 -0.042090 2.052488
0.165704 -0.668951 -0.970664
0.097090 0.296887 0.950466
-0.738234 -0.776606 2.724786
0.158191 -0.467734 -0.947289
0.791997 -0.962899 -0.772315
-0.725475 0.458984 1.465350
-0.598873 -0.377757 2.533510
-0.906381 -0.786294 2.655294
0.812764 0.458232 0.491118
0.405044 0.894674 0.910989
-0.376407 0.527398 1.186043
-0.144948 0.314129 1.092003
0.412417 -0.125994 -0.292172
0.050986 -0.248916 -0.979659
-0.361599 0.250184 1.431027
0.708994 0.804105 0.750074
0.581233 -0.193916 -0.316480
0.100991 0.842999 0.992900
0.029478 -0.740818 -0.999209
-0.624736 -0.178524 2.274762
-0.703717 -0.350210 2.445535
-0.719541 -0.302590 2.387650
0.272032 -0.625921 -0.917128
-0.088884 0.084797 1.309725
0.832311 -0.683840 -0.634826
-0.020530 -0.544096 2.999289
0.843559 0.834522 0.703289
0.770034 0.255976 0.315449
-0.291472 -0.178980 2.523276
-0.992940 0.346929 1.670158
-0.928797 0.716054 1.389435
0.151034 0.652436 0.974237
-0.477861 -0.747975 2.842702
0.495435 0.551617 0.743978
-0.488793 0.870699 1.128007
-0.626907 -0.192510 2.293550
-0.479511 -0.346448 2.585640
0.504900 0.792521 0.843388
0.027631 -0.583984 -0.998883
-0.122682 -0.140058 2.752227
-0.267824 0.856788 1.045545
0.315846 -0.424265 -0.802130
0.691311 0.085880 0.123280
0.831711 -0.600162 -0.585158
0.906899 0.838771 0.678994
0.746767 0.978103 0.794826
0.554826 -0.102199 -0.181153
0.630539 -0.923036 -0.825729
0.149826 0.125973 0.643551
0.628581 0.661033 0.724671
-0.003327 -0.998326 2.999994
-0.531477 0.517162 1.302611
-0.344774 0.973423 1.057379
0.309683 0.682856 0.910721
-0.610561 -0.812999 2.799617
-0.457202 0.121615 1.742940
-0.956211 0.858644 1.331872
0.697350 0.735100 0.725489
-0.055476 0.529062 1.005453
-0.865062 -0.148577 2.169274
0.367833 0.881705 0.922907
-0.170474 -0.077341 2.413152
-0.220494 -0.539936 2.925781
-0.000377 0.929332 1.000000
0.586038 -0.371796 -0.535708
0.590365 -0.417289 -0.577201
-0.370122 -0.941111 2.930617
-0.900128 0.285104 1.698047
-0.967688 0.409555 1.610240
-0.032039 -0.578249 2.998469
0.596556 0.510759 0.650369
0.543366 0.640345 0.762484
0.369403 0.240717 0.545952
0.375445 -0.686073 -0.877237
-0.230222 0.510383 1.088446
0.165350 -0.862389 -0.982111
0.392088 0.994876 0.930355
0.060270 -0.828405 -0.997364
-0.545060 -0.940107 2.865112
-0.899073 -0.959022 2.729541
-0.311903 0.691292 1.088484
-0.376311 0.317976 1.354580
0.750181 -0.276439 -0.345767
-0.396920 0.782493 1.108174
-0.866883 0.571041 1.449898
-0.795756 0.729673 1.324160
0.081799 0.747610 0.994067
0.370018 -0.548798 -0.829143
-0.011674 -0.254537 2.998950
-0.234871 0.758104 1.044792
-0.744154 0.930479 1.219037
0.895715 0.647934 0.586102
0.925355 -0.044015 -0.047511
0.819529 -0.619705 -0.603146
0.015878 0.920456 0.999851
-0.578726 0.703976 1.227522
0.611748 0.044963 0.073301
0.021952 0.361930 0.998166
0.768524 0.625032 0.630961
0.144422 0.901641 0.987413
0.196072 0.348666 0.871632
0.631313 -0.722129 -0.752860
0.096276 0.001331 0.013824
-0.270926 -0.915398 2.958884
0.746794 0.494203 0.551868
0.842706 -0.997361 -0.763845
0.424682 0.738422 0.866861
0.650573 0.350037 0.473815
-0.305593 0.470102 1.161578
0.730333 0.710286 0.697199
0.390558 -0.848394 -0.908370
0.414261 0.002306 0.005568
0.196569 -0.563787 -0.944253
-0.635764 -0.034907 2.054823
-0.938755 0.508658 1.523597
-0.133266 0.257317 1.112024
-0.142676 -0.501953 2.961897
0.535188 0.953600 0.872049
0.499378 -0.735738 -0.827409
-0.961798 0.246172 1.752043
0.758464 0.880909 0.757810
0.248811 0.183147 0.592805
0.619331 -0.100616 -0.160357
-0.466816 -0.686262 2.826838
-0.630514 -0.736484 2.759643
-0.975977 0.760044 1.385581
-0.584877 0.438285 1.400327
-0.237650 0.611692 1.067877
0.874498 0.126586 0.143260
-0.423215 0.935742 1.088857
-0.364755 0.443519 1.227647
0.193059 0.492569 0.931041
0.941566 -0.271753 -0.277300
0.446170 0.440944 0.702929
-0.007492 0.484372 1.000120
-0.312885 -0.249027 2.622741
0.365281 0.935926 0.931564
0.934119 -0.015389 -0.016472
-0.164690 -0.532697 2.955383
0.298349 0.204796 0.565930
-0.269181 0.322372 1.232408
-0.035160 0.145942 1.027816
-0.239343 0.727190 1.050127
-0.242366 -0.364846 2.832960
-0.146223 0.334419 1.083757
-0.429103 0.489022 1.248345
-0.222063 0.763955 1.039745
-0.018409 -0.280497 2.997853
-0.507798 -0.572239 2.747967
-0.839554 0.484710 1.500005
0.912133 -0.152438 -0.164837
-0.764317 0.277413 1.658822
-0.216512 -0.830198 2.967635
-0.737976 0.618798 1.357479
-0.362895 0.560373 1.160635
-0.176406 0.367925 1.098288
-0.117254 0.788433 1.010878
-0.486133 0.643402 1.202137
0.515624 0.271501 0.465907
-0.721443 -0.630599 2.658112
-0.394081 -0.150546 2.356865
0.858422 0.383856 0.408211
-0.386591 -0.159987 2.382388
-0.896641 0.105611 1.883023
0.267774 -0.736195 -0.939766
-0.409679 0.179907 1.597920
0.111367 -0.173996 -0.842251
-0.542680 0.894854 1.144948
-0.004193 -0.280655 2.999888
0.513652 0.632912 0.776468
-0.720282 -0.662755 2.677109
0.000837 0.162464 0.999987
-0.874321 0.514704 1.492689
-0.194134 0.641303 1.042893
-0.213795 0.084423 1.632720
-0.989297 0.392124 1.631523
0.933877 0.869125 0.681273
-0.224020 -0.452714 2.896270
