1000
0.131621 0.221860
0.011536 -0.640706
0.633373 -0.633057
0.169306 -0.155688
-0.949332 -0.367481
-0.877448 -0.832682
0.953582 0.956117
0.747778 -0.893846
-0.462023 -0.815324
0.761926 0.125146
0.327028 0.962882
0.923821 -0.721106
-0.553116 -0.571166
-0.976028 0.736781
-0.336426 0.072224
0.113194 0.795196
-0.705916 -0.875270
-0.845511 0.927456
-0.508327 0.323795
-0.228231 -0.457659
0.956314 -0.105679
-0.290340 0.909896
-0.149562 -0.542562
-0.983950 0.388414
-0.357886 0.777976
-0.486439 0.969142
0.740858 -0.562618
-0.751964 -0.812257
-0.133784 -0.727992
0.924524 0.529790
0.344232 0.037717
0.324986 0.638315
0.162447 0.479475
0.565772 0.654120
-0.196730 -0.662460
-0.803538 -0.240415
0.231861 -0.093879
-0.330519 -0.917701
0.363559 -0.314469
0.470713 -0.994327
-0.536493 0.984274
0.974814 -0.795635
-0.578344 -0.777150
-0.607892 0.287872
-0.505142 -0.683368
-0.182339 0.839090
0.354349 -0.857353
0.477405 -0.483204
0.622122 0.043177
-0.829083 -0.574608
0.380717 -0.632622
0.184977 -0.387421
0.273500 0.854458
-0.305123 -0.362942
-0.460012 -0.834409
-0.357269 0.003496
-0.850135 -0.382455
0.207861 -0.428480
-0.159604 0.599969
0.859392 0.335254
0.916600 -0.322947
0.174343 0.270950
-0.180300 -0.348252
0.787746 -0.558178
0.694925 0.958662
-0.132785 0.075642
-0.673959 -0.947809
0.688221 0.599540
0.906649 -0.616902
-0.763402 -0.553363
-0.451311 -0.120671
0.450133 -0.301447
0.496875 -0.342006
0.270074 -0.662729
-0.742038 0.129466
0.672524 -0.825437
0.806519 -0.153132
0.445512 -0.373781
0.498616 0.233258
0.068042 0.193541
0.191921 0.935256
-0.730817 0.517961
0.987448 0.957404
0.117501 0.894096
-0.659498 0.354100
-0.659266 -0.110810
-0.766571 0.790866
0.587744 0.730304
-0.551140 -0.142182
-0.932425 -0.293178
0.987283 0.740099
-0.118615 0.793802
-0.413033 -0.673102
-0.579978 -0.914417
0.560156 0.488064
0.279123 -0.247924
0.423320 0.548306
-0.729963 0.410767
0.505710 0.387539
0.304864 0.846211
-0.258361 0.645597
-0.264598 -0.024932
0.436464 -0.676854
-0.294628 0.885324
0.180964 -0.227053
-0.407854 0.168247
-0.486954 0.473532
-0.037951 0.100013
0.800429 0.382071
0.185596 0.360585
-0.129865 -0.535281
-0.887339 -0.706545
-0.986975 -0.617301
0.704222 0.518735
0.770237 0.009086
0.364947 -0.488124
-0.345316 -0.899651
0.486944 -0.908853
-0.576505 -0.807684
0.976471 0.604458
-0.034737 -0.431382
-0.227295 0.478309
-0.957850 0.734755
-0.421678 0.842579
0.116826 0.763918
0.203164 0.986961
-0.771362 0.315825
-0.719584 -0.758337
0.698523 0.984638
0.760398 0.468761
-0.006276 0.125345
0.980636 0.648407
0.225693 0.467580
0.739555 0.649188
0.659896 0.716026
0.253646 -0.374841
-0.715356 -0.973649
-0.896532 -0.673206
0.761106 -0.318210
-0.830627 -0.122068
-0.554291 0.372537
-0.135108 -0.325654
-0.311639 0.145308
-0.083991 -0.613115
0.129946 -0.323593
0.855645 -0.876330
0.801752 0.836282
0.772077 0.027445
0.303862 0.511632
-0.323367 -0.036242
0.227658 0.930279
0.588917 0.512303
0.956630 0.692384
0.839097 0.717735
-0.625825 -0.991531
-0.404333 -0.180117
0.381006 0.460559
0.494229 -0.930633
-0.394133 -0.589762
-0.543748 0.735813
0.086645 -0.688102
0.859483 -0.111603
-0.851821 0.631560
0.915842 0.452041
0.143192 -0.407526
-0.584201 -0.629150
-0.477247 -0.995284
0.883153 -0.520618
0.697100 0.722250
-0.802882 -0.928725
0.730719 -0.207215
-0.108842 0.111725
-0.746656 -0.614613
0.181092 -0.140788
-0.204375 0.637344
-0.404975 0.882270
0.949242 -0.545492
-0.229333 -0.902579
-0.913933 -0.313491
0.549463 0.229259
0.278983 0.965262
0.600109 0.801735
0.969978 0.483262
-0.718882 0.667078
0.205512 -0.521764
0.738353 -0.063769
0.271020 -0.370488
-0.952045 0.524365
0.014899 0.229048
-0.616424 0.810524
-0.133608 -0.021399
0.692795 -0.184366
0.433109 -0.536538
-0.086945 0.519176
0.149970 -0.537483
-0.251564 -0.571047
-0.572221 -0.651455
-0.769312 -0.602243
0.831807 -0.488194
-0.935164 0.037319
-0.009958 0.803189
0.973549 -0.738938
-0.567299 -0.978495
0.785427 0.447600
0.250553 -0.830997
0.258124 -0.883055
0.147605 -0.049081
-0.067422 -0.419286
0.414380 0.845633
-0.900110 -0.435649
-0.691849 -0.151674
-0.006696 -0.264070
0.196871 0.223992
0.133688 0.028678
0.735798 0.198523
-0.934003 -0.274160
0.001712 -0.960454
-0.013098 0.434413
-0.938949 -0.227671
-0.117988 0.311604
-0.058668 -0.859864
0.428549 -0.911063
0.091055 -0.638873
-0.330349 -0.494565
-0.793240 -0.230459
0.069786 -0.485089
0.617867 -0.936910
0.250841 -0.185262
0.287082 -0.615471
0.843416 0.022880
0.583052 0.909413
0.748720 -0.415236
0.948959 -0.264378
-0.980823 -0.989989
0.507951 -0.098811
0.321615 -0.550717
0.041326 -0.249837
-0.461779 -0.867620
0.111290 0.207872
-0.362184 0.318050
0.977413 0.707601
0.832961 0.595280
0.770691 0.083802
-0.589982 0.057773
0.468331 -0.746566
-0.919348 0.051382
-0.837153 0.829372
0.636146 -0.888194
-0.435006 0.655323
-0.878183 -0.927055
-0.443487 0.443431
-0.477771 0.597838
-0.806405 0.060449
0.730219 0.304885
-0.731679 -0.631966
-0.377065 -0.754266
-0.924364 -0.544104
0.841014 0.846327
0.539698 -0.748968
-0.095901 0.008029
-0.495535 -0.015248
-0.940589 -0.332688
-0.185876 0.695558
-0.220882 0.379118
0.350881 -0.099065
0.452063 0.907393
-0.655634 0.974291
0.505232 -0.462039
0.034741 0.235450
0.842845 0.303062
0.603484 -0.534220
0.548795 0.679120
-0.078324 0.389809
0.525447 -0.538625
0.640841 -0.570454
0.469404 -0.854694
0.414297 0.528815
-0.187382 -0.771579
0.224372 0.591737
0.607539 -0.424747
-0.507329 0.059602
-0.517353 -0.162962
0.033893 0.987878
0.374998 -0.931366
0.223328 0.217844
0.371696 -0.173187
0.683624 -0.079509
-0.494067 -0.394700
-0.689700 -0.968620
0.066675 0.951141
-0.539075 -0.463921
-0.903553 0.875223
-0.935106 -0.090934
-0.896356 0.289266
-0.499198 0.711183
0.864519 -0.006526
-0.229215 -0.652834
0.830511 0.804678
-0.664956 0.205510
0.873312 0.558373
-0.576647 0.245008
-0.614815 -0.893023
-0.834501 -0.108882
-0.287723 -0.524201
-0.077502 0.778952
-0.573060 0.383423
-0.684969 -0.476613
0.258646 -0.620075
0.432453 0.362290
0.669191 0.933255
0.073473 0.533710
-0.073271 0.844258
0.880876 -0.242760
0.648936 -0.784080
0.962750 0.522248
0.774293 -0.613897
-0.232744 -0.840522
-0.506920 -0.067245
0.050596 0.205357
0.408554 0.973094
-0.015691 0.835494
0.356517 0.299340
-0.641118 -0.384837
0.679265 0.791335
0.977453 0.348455
0.724590 0.050926
-0.117835 -0.348681
-0.104816 -0.236959
0.408560 -0.455880
-0.021039 0.371310
-0.933632 -0.246746
0.757413 -0.166377
-0.087268 -0.749507
0.766378 0.963328
0.455850 0.174932
0.936422 -0.559841
0.010426 0.292939
0.739500 0.369308
0.908103 0.418765
0.160642 0.885556
-0.232780 -0.114767
-0.063518 0.649386
0.536552 0.831665
-0.587573 -0.054888
-0.624215 0.391388
-0.683578 -0.557848
-0.855358 -0.926166
0.275776 0.057374
-0.675673 0.042154
0.020702 0.780177
-0.782914 -0.042875
-0.779663 0.227512
-0.749936 0.959837
-0.403180 -0.841833
0.378601 0.757462
-0.956278 -0.854178
-0.357305 -0.019796
0.795207 -0.820753
-0.188131 -0.792366
0.124358 0.187654
0.599022 0.440780
0.629806 0.743664
0.514614 -0.094418
-0.198962 0.838942
0.947736 0.821740
0.619119 -0.835178
-0.221136 0.839456
0.392334 0.028929
0.799292 0.989153
0.187095 0.177894
0.746615 0.230817
0.323715 -0.610690
-0.788979 0.118922
-0.431443 0.022890
0.326556 0.692915
-0.789456 -0.074422
0.133695 0.840350
-0.330758 -0.351691
-0.254068 0.470279
-0.512749 -0.306333
0.292019 -0.893630
-0.141511 -0.929117
0.945826 -0.749178
0.099812 0.745118
-0.760025 -0.713093
-0.076988 0.986591
0.517725 -0.753273
-0.624099 0.728746
0.365649 -0.055542
-0.248364 -0.307794
-0.362627 -0.037821
0.617783 0.771068
-0.197471 -0.712975
-0.580623 0.548461
0.757304 -0.093372
-0.757872 0.049323
0.012998 0.100616
0.120207 -0.041176
0.351439 -0.779981
-0.296058 0.591414
-0.493074 0.626953
0.578005 -0.975349
0.873680 0.953906
0.753396 0.239329
-0.101636 -0.494968
0.931535 0.535737
0.467211 0.549318
0.306805 -0.730260
0.836344 0.726182
0.818201 0.593648
-0.367190 -0.939671
-0.357029 0.645808
0.160945 0.763178
-0.395368 -0.487616
0.983197 0.308574
-0.896203 -0.509877
-0.064473 0.681802
-0.485227 -0.190793
0.635708 -0.731831
-0.951463 -0.465928
-0.226799 0.980072
-0.930192 -0.759588
0.529390 0.376613
-0.489847 0.365734
0.102795 -0.671647
-0.040619 0.735605
-0.611318 0.602353
0.381414 0.549627
0.365530 0.986046
-0.937989 0.348727
0.294620 -0.834192
0.838850 -0.769853
0.847610 -0.646377
0.039354 0.483318
-0.378207 0.087891
-0.982610 0.394994
0.067963 -0.912801
0.635406 -0.402647
0.463812 -0.854441
0.963086 -0.433393
-0.526088 -0.077532
-0.697788 -0.137406
-0.475180 0.683625
-0.587779 0.890351
0.669671 -0.525768
0.239078 -0.035709
-0.359960 0.077928
0.194438 -0.512350
0.431551 -0.766208
0.970969 -0.946656
0.321683 0.988359
0.448338 -0.610354
-0.924442 0.083744
-0.013002 0.539369
0.229303 -0.049915
-0.894024 0.703216
0.872552 -0.591812
-0.434190 -0.602627
-0.908187 -0.021969
-0.712277 0.761483
0.452263 0.526801
-0.274226 -0.907697
-0.395271 0.920212
-0.420047 -0.963720
-0.845997 -0.449078
-0.910376 0.475686
-0.460719 0.537962
0.865332 -0.385161
-0.378293 -0.147670
-0.845792 0.851010
0.802415 -0.739816
0.554225 0.674967
-0.331628 -0.879965
-0.927660 -0.239816
0.098066 -0.639937
-0.478332 -0.449671
0.886864 0.247442
-0.357367 -0.508407
0.167654 0.222586
-0.472126 0.321657
0.773508 -0.382502
-0.202657 -0.687211
-0.844540 -0.337325
-0.072372 -0.222833
0.515005 0.081836
-0.371824 0.317420
0.342021 -0.817598
-0.007613 -0.989607
-0.697563 0.064727
-0.229423 0.400503
0.424791 0.292245
0.950832 0.311655
-0.460313 -0.406535
0.803248 0.707341
0.816051 -0.668878
0.028998 0.589559
-0.051380 0.826341
0.902348 0.104080
-0.510984 -0.170024
0.881246 -0.995979
0.911813 -0.490577
0.321442 0.253833
-0.308176 -0.686171
0.264226 -0.005739
0.378556 -0.965197
-0.605236 -0.196653
0.327048 -0.654404
-0.884998 0.866735
-0.060939 0.918250
0.574076 -0.244888
-0.750628 -0.396926
-0.655330 0.197991
-0.570585 -0.752982
-0.697929 -0.081569
0.076994 -0.816683
-0.077547 -0.011193
-0.307260 -0.756106
-0.757360 0.384564
-0.442277 0.506866
-0.621175 0.936280
0.541669 -0.226412
-0.260374 -0.131282
0.119184 -0.145372
-0.264547 -0.941755
-0.227122 -0.690471
-0.186643 0.022250
-0.087397 0.158028
-0.779759 0.342018
0.405046 -0.477688
-0.739550 -0.517960
-0.294371 0.182902
0.470847 0.398369
0.426797 0.713487
-0.217067 0.984520
0.220354 0.161758
0.920799 -0.237977
0.935346 -0.339574
0.630741 0.054530
0.515054 -0.633806
0.112776 -0.712068
-0.324277 0.926133
0.310182 0.588326
0.084160 0.530423
-0.069655 -0.510794
-0.947265 0.190794
-0.028754 -0.241636
-0.626303 -0.557906
-0.843268 0.800493
-0.844419 -0.060335
0.785013 0.375935
-0.898577 0.705813
-0.862042 -0.963231
-0.633762 0.768698
0.091299 0.881292
-0.865108 -0.795925
-0.830775 -0.189385
-0.869793 0.479406
-0.601059 0.214367
0.009829 0.329286
0.703574 0.062564
-0.479919 -0.325180
0.820927 -0.106223
0.116914 0.977660
-0.305729 0.272495
-0.082675 -0.520716
-0.351570 0.018748
-0.814904 -0.213613
0.055517 -0.448665
-0.444914 -0.853184
-0.567373 -0.310022
-0.649110 -0.398148
0.500593 -0.518902
-0.918742 0.899535
0.695465 0.091087
0.228821 0.399038
-0.846349 0.748901
-0.926142 0.974578
-0.357321 0.190772
0.952238 0.336950
-0.536733 -0.130437
0.816233 0.111696
0.888311 -0.998670
0.898084 -0.056172
-0.447335 -0.546831
0.090643 -0.014708
0.143147 0.441533
0.587144 -0.356259
0.922631 0.668402
-0.456725 0.618096
-0.240510 0.772096
0.017134 -0.086859
0.520997 0.090993
-0.112281 -0.836324
-0.718235 -0.160043
0.500625 -0.254969
0.709520 0.316859
0.856728 0.597831
0.318189 0.754811
-0.458341 0.870853
-0.792019 0.632302
-0.143855 0.351128
0.073835 -0.556711
0.994869 -0.003534
-0.888308 -0.461856
-0.385438 -0.128819
-0.689760 0.631696
0.784322 0.831237
-0.277311 -0.327959
0.994913 0.004454
0.511999 0.495538
0.749485 0.221519
-0.187603 0.606213
-0.180650 -0.869414
0.361024 0.361008
-0.998561 0.569005
-0.006690 -0.142415
-0.079867 -0.932855
0.300874 -0.084998
0.063612 0.412566
0.453146 0.678174
-0.716252 0.763385
0.309870 -0.931930
0.594622 -0.967441
-0.259889 0.589535
0.037013 -0.747890
0.085074 -0.213502
0.473629 0.897471
-0.607289 -0.707022
-0.971943 0.753735
0.653987 -0.970504
0.322740 -0.352703
-0.112919 -0.757127
-0.285558 -0.812045
0.157875 0.778054
0.600522 -0.388980
0.456228 0.884269
-0.625594 -0.233903
0.952339 0.969028
-0.201344 -0.307550
0.558563 0.835669
-0.055440 -0.356363
-0.377832 -0.581811
-0.458892 0.014879
-0.288833 -0.430836
-0.231386 -0.634846
-0.401340 -0.908646
0.012451 0.485741
-0.665773 0.726894
0.673697 0.492102
0.504948 0.274218
-0.896878 -0.038825
0.158487 -0.522472
0.727272 0.110826
-0.553444 -0.474071
0.803277 -0.994881
-0.638402 -0.252163
-0.351244 -0.016234
0.166026 0.189864
0.998645 0.877193
0.759028 -0.232741
-0.757653 -0.642312
-0.141387 0.254798
0.843430 0.192840
-0.018309 0.517126
-0.315058 -0.513361
-0.208655 -0.211936
0.447814 0.949832
0.265592 0.175086
0.060659 0.712148
0.701015 -0.136064
0.717268 -0.937387
0.611773 -0.633976
0.046379 -0.222202
0.555888 0.045024
-0.345009 0.314916
0.812283 -0.102663
0.672604 -0.329105
-0.847865 0.516034
0.863735 0.133826
0.033160 -0.451323
0.620465 0.824505
0.336741 0.068279
0.774337 -0.397666
-0.756635 -0.165004
-0.685518 0.944380
0.698932 -0.968250
-0.993006 0.310704
-0.602226 0.053373
-0.911498 0.953661
-0.901603 -0.256507
0.268577 0.910679
0.640831 -0.058819
-0.418425 0.792966
-0.542785 -0.554690
-0.073208 0.490375
-0.006013 -0.452743
0.314880 -0.669271
0.615536 0.089217
-0.066938 0.858901
0.924214 0.247544
0.803281 0.623145
0.279294 0.810275
-0.066151 0.677068
-0.136352 0.022352
0.630729 -0.037955
0.765845 -0.100694
-0.127276 0.406675
0.840488 0.454299
0.199641 -0.702297
0.899609 -0.873567
0.788078 -0.106404
-0.326310 0.102958
0.224325 -0.710774
-0.807824 -0.842613
-0.851873 -0.883611
0.404932 0.951408
0.739534 -0.315774
0.761683 -0.326616
-0.638707 -0.374670
0.695735 0.992022
0.587375 0.461580
-0.108671 -0.539901
-0.131745 -0.268184
0.914397 -0.932104
0.029519 0.814006
-0.805672 -0.182403
-0.292397 -0.131982
0.920555 0.931928
0.157244 -0.887269
-0.910685 0.305371
-0.770880 0.494247
0.256779 0.968654
-0.821528 0.018461
-0.357962 -0.460234
0.643792 -0.662227
-0.468212 0.231167
0.799352 0.423117
0.691265 -0.332393
-0.845067 0.605663
-0.264497 0.184452
0.419669 -0.070169
-0.997951 -0.872728
0.797849 0.922604
-0.940801 -0.044907
-0.964665 -0.851486
-0.739536 -0.735545
0.642761 0.517242
-0.766891 0.821233
-0.464297 -0.124853
-0.639001 -0.820505
0.212920 -0.107213
0.410662 0.012272
-0.684096 0.101927
0.679880 -0.529163
-0.292410 -0.584618
0.655289 -0.872741
0.345213 0.657338
-0.745469 0.143062
0.579942 -0.686270
-0.901845 0.615277
-0.537756 -0.641381
0.879733 -0.894994
0.875861 -0.887158
0.926239 -0.588436
-0.012011 -0.712762
-0.408941 -0.799091
0.180025 -0.998279
0.213182 0.495929
0.103648 -0.106939
0.966765 0.811238
0.308443 0.622054
0.938497 -0.346344
0.279392 -0.806973
0.796718 -0.140666
-0.493243 0.894874
-0.525389 -0.030998
-0.746508 -0.645656
0.074007 -0.870647
-0.532814 0.000247
-0.459082 0.455175
0.287485 0.131977
0.656084 -0.532490
0.133698 -0.130734
0.963439 -0.762654
0.762328 0.930204
-0.951416 0.070771
0.552258 0.987080
0.724427 -0.168351
-0.819892 0.521146
0.690983 -0.313135
0.416019 -0.834406
0.655867 0.669512
-0.480062 -0.270125
0.798865 -0.012876
0.730121 -0.660217
-0.557701 0.017606
0.471760 -0.901617
0.485116 -0.394542
-0.032350 0.448554
-0.157196 -0.270023
0.378758 -0.108612
0.800748 -0.068984
-0.121532 0.525175
0.762665 0.058576
0.046321 0.453648
0.745441 -0.537660
0.619242 0.401308
-0.868148 -0.860820
-0.868817 0.930717
0.126304 0.861304
-0.729500 0.568603
-0.121090 0.742259
0.666986 -0.635974
-0.652282 -0.365364
0.812580 0.190522
0.364613 0.191338
-0.918090 0.165361
-0.877646 -0.039622
-0.309464 0.885019
-0.981046 0.736857
0.338667 0.764395
-0.800803 -0.042090
0.165704 -0.668951
0.097090 0.296887
-0.738234 -0.776606
0.158191 -0.467734
0.791997 -0.962899
-0.725475 0.458984
-0.598873 -0.377757
-0.906381 -0.786294
0.812764 0.458232
0.405044 0.894674
-0.376407 0.527398
-0.144948 0.314129
0.412417 -0.125994
0.050986 -0.248916
-0.361599 0.250184
0.708994 0.804105
0.581233 -0.193916
0.100991 0.842999
0.029478 -0.740818
-0.624736 -0.178524
-0.703717 -0.350210
-0.719541 -0.302590
0.272032 -0.625921
-0.088884 0.084797
0.832311 -0.683840
-0.020530 -0.544096
0.843559 0.834522
0.770034 0.255976
-0.291472 -0.178980
-0.992940 0.346929
-0.928797 0.716054
0.151034 0.652436
-0.477861 -0.747975
0.495435 0.551617
-0.488793 0.870699
-0.626907 -0.192510
-0.479511 -0.346448
0.504900 0.792521
0.027631 -0.583984
-0.122682 -0.140058
-0.267824 0.856788
0.315846 -0.424265
0.691311 0.085880
0.831711 -0.600162
0.906899 0.838771
0.746767 0.978103
0.554826 -0.102199
0.630539 -0.923036
0.149826 0.125973
0.628581 0.661033
-0.003327 -0.998326
-0.531477 0.517162
-0.344774 0.973423
0.309683 0.682856
-0.610561 -0.812999
-0.457202 0.121615
-0.956211 0.858644
0.697350 0.735100
-0.055476 0.529062
-0.865062 -0.148577
0.367833 0.881705
-0.170474 -0.077341
-0.220494 -0.539936
-0.000377 0.929332
0.586038 -0.371796
0.590365 -0.417289
-0.370122 -0.941111
-0.900128 0.285104
-0.967688 0.409555
-0.032039 -0.578249
0.596556 0.510759
0.543366 0.640345
0.369403 0.240717
0.375445 -0.686073
-0.230222 0.510383
0.165350 -0.862389
0.392088 0.994876
0.060270 -0.828405
-0.545060 -0.940107
-0.899073 -0.959022
-0.311903 0.691292
-0.376311 0.317976
0.750181 -0.276439
-0.396920 0.782493
-0.866883 0.571041
-0.795756 0.729673
0.081799 0.747610
0.370018 -0.548798
-0.011674 -0.254537
-0.234871 0.758104
-0.744154 0.930479
0.895715 0.647934
0.925355 -0.044015
0.819529 -0.619705
0.015878 0.920456
-0.578726 0.703976
0.611748 0.044963
0.021952 0.361930
0.768524 0.625032
0.144422 0.901641
0.196072 0.348666
0.631313 -0.722129
0.096276 0.001331
-0.270926 -0.915398
0.746794 0.494203
0.842706 -0.997361
0.424682 0.738422
0.650573 0.350037
-0.305593 0.470102
0.730333 0.710286
0.390558 -0.848394
0.414261 0.002306
0.196569 -0.563787
-0.635764 -0.034907
-0.938755 0.508658
-0.133266 0.257317
-0.142676 -0.501953
0.535188 0.953600
0.499378 -0.735738
-0.961798 0.246172
0.758464 0.880909
0.248811 0.183147
0.619331 -0.100616
-0.466816 -0.686262
-0.630514 -0.736484
-0.975977 0.760044
-0.584877 0.438285
-0.237650 0.611692
0.874498 0.126586
-0.423215 0.935742
-0.364755 0.443519
0.193059 0.492569
0.941566 -0.271753
0.446170 0.440944
-0.007492 0.484372
-0.312885 -0.249027
0.365281 0.935926
0.934119 -0.015389
-0.164690 -0.532697
0.298349 0.204796
-0.269181 0.322372
-0.035160 0.145942
-0.239343 0.727190
-0.242366 -0.364846
-0.146223 0.334419
-0.429103 0.489022
-0.222063 0.763955
-0.018409 -0.280497
-0.507798 -0.572239
-0.839554 0.484710
0.912133 -0.152438
-0.764317 0.277413
-0.216512 -0.830198
-0.737976 0.618798
-0.362895 0.560373
-0.176406 0.367925
-0.117254 0.788433
-0.486133 0.643402
0.515624 0.271501
-0.721443 -0.630599
-0.394081 -0.150546
0.858422 0.383856
-0.386591 -0.159987
-0.896641 0.105611
0.267774 -0.736195
-0.409679 0.179907
0.111367 -0.173996
-0.542680 0.894854
-0.004193 -0.280655
0.513652 0.632912
-0.720282 -0.662755
0.000837 0.162464
-0.874321 0.514704
-0.194134 0.641303
-0.213795 0.084423
-0.989297 0.392124
0.933877 0.869125
-0.224020 -0.452714
581
328
630
571
671
357
768
734
273
145
723
761
762
47
2
782
449
709
812
470
3
431
267
794
274
95
270
38
77
846
494
41
797
781
315
382
783
444
11
753
173
432
26
201
915
227
865
805
63
887
279
72
68
456
71
634
763
886
437
586
335
167
198
176
231
500
682
594
750
480
676
737
285
789
439
467
717
716
509
138
520
36
771
904
536
60
397
838
206
659
834
954
800
170
617
264
232
312
191
535
787
331
454
234
669
76
868
362
773
740
972
944
584
388
445
710
705
161
561
675
394
286
20
691
185
801
582
704
914
503
959
793
295
602
608
933
114
924
229
751
147
48
325
918
367
803
673
537
559
242
30
497
864
573
580
950
697
652
678
484
9
591
681
347
213
662
814
699
214
476
610
370
414
403
491
849
578
324
269
334
59
179
253
595
983
780
338
78
108
549
163
182
337
815
980
736
929
707
314
649
830
203
29
405
129
119
299
806
894
667
131
926
961
490
596
422
241
913
152
240
587
409
648
534
360
943
113
90
98
700
720
501
746
920
308
769
321
870
531
153
892
364
408
151
67
94
133
658
493
866
998
369
609
297
82
931
284
955
848
613
6
257
727
637
791
168
146
871
879
606
134
402
855
837
212
657
33
742
942
460
323
406
893
361
156
471
784
991
271
368
87
391
333
276
96
867
478
680
181
64
309
128
719
427
639
619
359
342
61
230
859
532
148
0
928
574
922
939
786
238
626
541
756
635
109
31
354
265
770
208
132
666
374
875
831
820
767
715
597
319
882
898
953
958
278
428
99
79
701
10
32
823
450
585
52
690
180
731
318
150
853
412
125
80
633
339
921
376
542
618
124
268
809
15
310
383
83
396
839
562
908
553
804
668
433
289
188
919
495
724
336
282
558
349
646
916
993
885
200
956
320
453
217
663
130
425
329
496
508
798
698
385
311
416
702
341
304
880
978
694
91
811
193
272
45
533
420
802
363
963
366
58
262
968
995
611
911
589
862
706
21
174
964
103
818
540
874
219
107
949
100
600
462
966
623
896
902
951
175
24
833
121
977
123
399
25
905
937
598
692
378
40
774
411
526
661
856
489
263
989
976
930
443
519
248
266
442
294
832
684
588
159
979
189
352
400
251
912
917
952
552
962
387
466
518
967
17
647
808
747
459
620
576
688
86
171
469
250
779
246
426
507
572
873
106
291
845
547
393
183
907
605
674
878
563
575
239
485
903
975
599
455
550
810
947
628
852
122
13
819
948
423
162
738
81
739
836
759
479
140
305
906
730
18
788
827
344
530
677
994
971
614
65
97
556
187
936
84
577
465
517
735
43
142
987
527
300
890
105
126
435
997
996
23
429
973
557
851
729
293
889
711
686
298
511
351
877
941
434
446
14
544
757
816
74
703
372
752
525
985
280
243
488
452
687
259
252
785
395
348
245
565
373
199
642
795
732
55
778
458
260
650
817
656
743
821
350
935
356
775
548
343
101
375
292
390
149
513
302
317
515
139
440
190
85
881
441
683
210
593
725
555
218
579
88
473
566
330
70
748
689
841
224
215
35
857
89
281
505
498
604
178
261
636
982
4
468
417
655
482
984
843
155
56
726
883
209
419
340
842
521
603
510
464
569
813
792
415
718
256
379
322
570
850
112
828
560
49
306
529
858
69
137
197
957
111
287
345
421
172
660
653
290
254
776
829
981
741
744
492
546
355
554
992
384
475
5
807
745
233
665
693
12
714
713
824
127
249
377
901
165
27
346
551
970
196
861
169
627
946
607
53
760
583
413
389
16
749
733
512
876
42
44
136
457
118
288
66
477
301
945
643
158
223
965
638
641
854
93
154
664
92
799
900
202
8
54
303
237
568
62
765
754
255
19
999
722
166
353
502
327
645
195
463
141
884
516
888
410
116
472
644
37
632
296
326
524
483
960
461
34
925
481
938
523
392
316
22
974
177
277
110
358
612
404
721
28
207
564
640
381
631
143
543
592
545
332
616
120
220
969
891
615
910
847
211
764
990
695
487
872
216
1
840
860
624
899
679
436
777
514
567
160
601
222
225
424
474
539
236
728
766
897
590
835
672
822
194
708
205
204
651
712
380
621
825
772
934
164
430
986
447
504
184
625
144
283
73
46
307
486
407
844
398
932
228
221
696
39
51
57
790
506
796
371
157
117
438
895
275
448
235
401
50
622
244
988
102
226
629
909
135
940
869
386
247
258
685
186
451
365
863
115
755
670
104
192
654
538
75
522
826
313
7
927
758
528
418
923
499
