100
0.131621 0.221860 0.860038
0.011536 -0.640706 -0.999838
0.633373 -0.633057 -0.706930
0.169306 -0.155688 -0.676883
-0.949332 -0.367481 2.360992
-0.877448 -0.832682 2.688361
0.953582 0.956117 0.708045
0.747778 -0.893846 -0.766994
-0.462023 -0.815324 2.870019
0.761926 0.125146 0.162078
0.327028 0.962882 0.946878
0.923821 -0.721106 -0.615311
-0.553116 -0.571166 2.718367
-0.976028 0.736781 1.397512
-0.336426 0.072224 1.790102
0.113194 0.795196 0.990020
-0.705916 -0.875270 2.778390
-0.845511 0.927456 1.261000
-0.508327 0.323795 1.462753
-0.228231 -0.457659 2.894894
0.956314 -0.105679 -0.109838
-0.290340 0.909896 1.047325
-0.149562 -0.542562 2.964043
-0.983950 0.388414 1.632823
-0.357886 0.777976 1.091517
-0.486439 0.969142 1.106263
0.740858 -0.562618 -0.604788
-0.751964 -0.812257 2.733817
-0.133784 -0.727992 2.983530
0.924524 0.529790 0.497193
0.344232 0.037717 0.108918
0.324986 0.638315 0.891149
0.162447 0.479475 0.947118
0.565772 0.654120 0.756337
-0.196730 -0.662460 2.958622
-0.803538 -0.240415 2.286641
0.231861 -0.093879 -0.375296
-0.330519 -0.917701 2.940839
0.363559 -0.314469 -0.654200
0.470713 -0.994327 -0.903838
-0.536493 0.984274 1.121961
0.974814 -0.795635 -0.632313
-0.578344 -0.777150 2.802233
-0.607892 0.287872 1.572008
-0.505142 -0.683368 2.804152
-0.182339 0.839090 1.022806
0.354349 -0.857353 -0.924176
0.477405 -0.483204 -0.711362
0.622122 0.043177 0.069236
-0.829083 -0.574608 2.569630
0.380717 -0.632622 -0.856808
0.184977 -0.387421 -0.902417
0.273500 0.854458 0.952400
-0.305123 -0.362942 2.765444
-0.460012 -0.834409 2.875734
-0.357269 0.003496 1.990216
-0.850135 -0.382455 2.410270
0.207861 -0.428480 -0.899721
-0.159604 0.599969 1.033610
0.859392 0.335254 0.363431
0.916600 -0.322947 -0.332308
0.174343 0.270950 0.840951
-0.180300 -0.348252 2.888041
0.787746 -0.558178 -0.578149
0.694925 0.958662 0.809653
-0.132785 0.075642 1.505022
-0.673959 -0.947809 2.814971
0.688221 0.599540 0.656857
0.906649 -0.616902 -0.562547
-0.763402 -0.553363 2.586896
-0.451311 -0.120671 2.258304
0.450133 -0.301447 -0.556434
0.496875 -0.342006 -0.566985
0.270074 -0.662729 -0.926057
-0.742038 0.129466 1.828123
0.672524 -0.825437 -0.775260
0.806519 -0.153132 -0.186536
0.445512 -0.373781 -0.642739
0.498616 0.233258 0.423737
0.068042 0.193541 0.943398
0.191921 0.935256 0.979588
-0.730817 0.517961 1.421760
0.987448 0.957404 0.696100
0.117501 0.894096 0.991475
-0.659498 0.354100 1.526951
-0.659266 -0.110810 2.165755
-0.766571 0.790866 1.281950
0.587744 0.730304 0.779044
-0.551140 -0.142182 2.249800
-0.932425 -0.293178 2.299947
0.987283 0.740099 0.599812
-0.118615 0.793802 1.010981
-0.413033 -0.673102 2.852327
-0.579978 -0.914417 2.844465
0.560156 0.488064 0.656923
0.279123 -0.247924 -0.664086
0.423320 0.548306 0.791544
-0.729963 0.410767 1.509591
0.505710 0.387539 0.608261
0.304864 0.846211 0.940807
